1737490369059 14.709108352661133 0
1737490369060 14.499378204345703 1
1737490369061 12.554473876953125 2
1737490369062 8.962251663208008 3
1737490369062 5.720625877380371 4
1737490369063 3.6718735694885254 5
1737490369065 2.597231149673462 6
1737490369066 2.026144027709961 7
1737490369066 1.684147596359253 8
1737490369067 1.460371494293213 9
1737490369068 1.3048487901687622 10
1737490369069 1.1932876110076904 11
1737490369069 1.1114368438720703 12
1737490369070 1.0502649545669556 13
1737490369071 1.0037614107131958 14
