1738094385019 14.705322265625 0
1738094385021 14.137085914611816 1
1738094385021 10.44492244720459 2
1738094385022 5.60615348815918 3
1738094385023 2.9987850189208984 4
1738094385024 2.0051002502441406 5
1738094385024 1.5536866188049316 6
1738094385025 1.3056038618087769 7
1738094385025 1.1546409130096436 8
1738094385026 1.0581836700439453 9
1738094385026 0.9937919974327087 10
1738094385027 0.949963390827179 11
1738094385027 0.91909259557724 12
1738094385028 0.8973970413208008 13
1738094385029 0.880939245223999 14
