1737494151657 14.706733703613281 0
1737494151789 14.344854354858398 1
1737494151915 12.020448684692383 2
1737494152040 8.427738189697266 3
1737494152163 5.373294353485107 4
1737494152293 3.4895832538604736 5
1737494152416 2.5020248889923096 6
1737494152563 1.9699901342391968 7
1737494152691 1.647774338722229 8
1737494152877 1.4341624975204468 9
1737494153021 1.2856533527374268 10
1737494153146 1.1792112588882446 11
1737494153266 1.1005350351333618 12
1737494153380 1.0419222116470337 13
1737494153493 0.9973563551902771 14
