1738095602780 14.698919296264648 0
1738095602918 13.953149795532227 1
1738095603045 9.976479530334473 2
1738095603162 5.266454219818115 3
1738095603276 2.8616580963134766 4
1738095603406 1.9427001476287842 5
1738095603529 1.5215277671813965 6
1738095603667 1.2857813835144043 7
1738095603786 1.1426174640655518 8
1738095603899 1.0499645471572876 9
1738095604008 0.9885871410369873 10
1738095604116 0.9463924765586853 11
1738095604224 0.9166595339775085 12
1738095604346 0.8955309987068176 13
1738095604455 0.8799486756324768 14
1738095604560 0.8684457540512085 15
1738095604681 0.8600338697433472 16
1738095604802 0.8533604741096497 17
