1737665434000 14.710430145263672 0
1737665434217 14.709888458251953 1
1737665434421 14.70919132232666 2
1737665434617 14.70808219909668 3
1737665434810 14.705863952636719 4
1737665435014 14.70096206665039 5
1737665435220 14.690032958984375 6
1737665435411 14.667333602905273 7
1737665435595 14.625690460205078 8
1737665435791 14.558762550354004 9
1737665435985 14.463080406188965 10
1737665436175 14.338643074035645 11
1737665436358 14.18752670288086 12
1737665436573 14.012775421142578 13
1737665436757 13.817415237426758 14
1737665436951 13.603970527648926 15
1737665437194 13.374241828918457 16
1737665437385 13.129865646362305 17
1737665437569 12.872430801391602 18
1737665437760 12.602914810180664 19
