1737665783337 14.675676345825195 0
1737665783339 13.098038673400879 1
1737665783339 8.55240249633789 2
1737665783340 4.689186096191406 3
1737665783340 2.787648916244507 4
1737665783341 1.9773792028427124 5
1737665783341 1.5693082809448242 6
1737665783342 1.327905535697937 7
1737665783342 1.1756682395935059 8
1737665783343 1.074881911277771 9
1737665783344 1.0066479444503784 10
1737665783344 0.9595577120780945 11
1737665783345 0.9260938167572021 12
1737665783345 0.9021482467651367 13
1737665783346 0.8849738836288452 14
1737665783346 0.8723786473274231 15
1737665783347 0.8630898594856262 16
1737665783347 0.8558025360107422 17
1737665783348 0.8507402539253235 18
1737665783348 0.846662163734436 19
